# Longueur d'onde (m)    Luminance spectrale B_lambda (W·m^-3·sr^-1)
9.999999999999999547e-08 6.720461386135182617e+12
1.029029029029029032e-07 8.740430048783646484e+12
1.058058058058057977e-07 1.116150863815285547e+13
1.087087087087087054e-07 1.401685781297489453e+13
1.116116116116116131e-07 1.733501330956290234e+13
1.145145145145145076e-07 2.113916146886735547e+13
1.174174174174174153e-07 2.544661416466503125e+13
1.203203203203203098e-07 3.026848449343537500e+13
1.232232232232232307e-07 3.560955477428760938e+13
1.261261261261261252e-07 4.146832092661358594e+13
1.290290290290290197e-07 4.783719210016612500e+13
1.319319319319319141e-07 5.470282132368588281e+13
1.348348348348348351e-07 6.204654161653607031e+13
1.377377377377377296e-07 6.984488213362300781e+13
1.406406406406406240e-07 7.807014014434656250e+13
1.435435435435435450e-07 8.669098666136226562e+13
1.464464464464464395e-07 9.567308605278217188e+13
1.493493493493493340e-07 1.049797127562310625e+14
1.522522522522522549e-07 1.145723510765508438e+14
1.551551551551551494e-07 1.244112668477807188e+14
1.580580580580580439e-07 1.344560423717320938e+14
1.609609609609609648e-07 1.446660684420858438e+14
1.638638638638638593e-07 1.550009893849555625e+14
1.667667667667667538e-07 1.654210988771695938e+14
1.696696696696696747e-07 1.758876858419364375e+14
1.725725725725725692e-07 1.863633309800901562e+14
1.754754754754754637e-07 1.968121554939365938e+14
1.783783783783783846e-07 2.072000243250976250e+14
1.812812812812812791e-07 2.174947067854028438e+14
1.841841841841841736e-07 2.276659978392115000e+14
1.870870870870870945e-07 2.376858035242709375e+14
1.899899899899899890e-07 2.475281941024149688e+14
1.928928928928928835e-07 2.571694285349675000e+14
1.957957957957958044e-07 2.665879538020334688e+14
1.986986986986986989e-07 2.757643824486765938e+14
2.016016016016015934e-07 2.846814515604696250e+14
2.045045045045045143e-07 2.933239661596726250e+14
2.074074074074074088e-07 3.016787297827727500e+14
2.103103103103103033e-07 3.097344647595207500e+14
2.132132132132132242e-07 3.174817244703657500e+14
2.161161161161161187e-07 3.249127996191430625e+14
2.190190190190190132e-07 3.320216203254002500e+14
2.219219219219219341e-07 3.388036556191213125e+14
2.248248248248248286e-07 3.452558117120931875e+14
2.277277277277277231e-07 3.513763302262120625e+14
2.306306306306306440e-07 3.571646873804608125e+14
2.335335335335335385e-07 3.626214949754179375e+14
2.364364364364364330e-07 3.677484038668576875e+14
2.393393393393393539e-07 3.725480104878887500e+14
2.422422422422422220e-07 3.770237668614925000e+14
2.451451451451451429e-07 3.811798944414989375e+14
2.480480480480480638e-07 3.850213020290629375e+14
2.509509509509509319e-07 3.885535079326616875e+14
2.538538538538538528e-07 3.917825664714671875e+14
2.567567567567567738e-07 3.947149988637969375e+14
2.596596596596596418e-07 3.973577284931305625e+14
2.625625625625625627e-07 3.997180205030795625e+14
2.654654654654654837e-07 4.018034256387735625e+14
2.683683683683683517e-07 4.036217282245981875e+14
2.712712712712712726e-07 4.051808981463010625e+14
2.741741741741741936e-07 4.064890466884941875e+14
2.770770770770770616e-07 4.075543860658398125e+14
2.799799799799799825e-07 4.083851924772027500e+14
2.828828828828829035e-07 4.089897725061558750e+14
2.857857857857857715e-07 4.093764326880571875e+14
2.886886886886886924e-07 4.095534520630214375e+14
2.915915915915916134e-07 4.095290575350543125e+14
2.944944944944944814e-07 4.093114018602047500e+14
2.973973973973974023e-07 4.089085440903663750e+14
3.003003003003003233e-07 4.083284323042077500e+14
3.032032032032031913e-07 4.075788884623393750e+14
3.061061061061061122e-07 4.066675952300341250e+14
3.090090090090090332e-07 4.056020846175035000e+14
3.119119119119119012e-07 4.043897282946981250e+14
3.148148148148148221e-07 4.030377294447291875e+14
3.177177177177177431e-07 4.015531160272636875e+14
3.206206206206206111e-07 3.999427353304458750e+14
3.235235235235235320e-07 3.982132496970689375e+14
3.264264264264264530e-07 3.963711333177362500e+14
3.293293293293293210e-07 3.944226699905990625e+14
3.322322322322322419e-07 3.923739517539275625e+14
3.351351351351351629e-07 3.902308783041406875e+14
3.380380380380380309e-07 3.879991571181138750e+14
3.409409409409409519e-07 3.856843042044405000e+14
3.438438438438438728e-07 3.832916454139435000e+14
3.467467467467467408e-07 3.808263182450443125e+14
3.496496496496496618e-07 3.782932740846477500e+14
3.525525525525525827e-07 3.756972808299438125e+14
3.554554554554554507e-07 3.730429258410103750e+14
3.583583583583583717e-07 3.703346191783061250e+14
3.612612612612612926e-07 3.675765970830774375e+14
3.641641641641641606e-07 3.647729256623922500e+14
3.670670670670670816e-07 3.619275047439433125e+14
3.699699699699700025e-07 3.590440718689728750e+14
3.728728728728728705e-07 3.561262063946391250e+14
3.757757757757757915e-07 3.531773336799073125e+14
3.786786786786787124e-07 3.502007293316125625e+14
3.815815815815815804e-07 3.471995234896913750e+14
3.844844844844845014e-07 3.441767051327812500e+14
3.873873873873874223e-07 3.411351263873866250e+14
3.902902902902902903e-07 3.380775068256675000e+14
3.931931931931932113e-07 3.350064377386076250e+14
3.960960960960961322e-07 3.319243863728805000e+14
3.989989989989990002e-07 3.288337001211630000e+14
4.019019019019019212e-07 3.257366106569513125e+14
4.048048048048048421e-07 3.226352380061255000e+14
4.077077077077077101e-07 3.195315945486088750e+14
4.106106106106106311e-07 3.164275889444322500e+14
4.135135135135135520e-07 3.133250299794464375e+14
4.164164164164164200e-07 3.102256303267024375e+14
4.193193193193193410e-07 3.071310102202886875e+14
4.222222222222222619e-07 3.040427010390537500e+14
4.251251251251251299e-07 3.009621487982560625e+14
4.280280280280280509e-07 2.978907175477134375e+14
4.309309309309309718e-07 2.948296926755054375e+14
4.338338338338338399e-07 2.917802841167151875e+14
4.367367367367367608e-07 2.887436294670782500e+14
4.396396396396396817e-07 2.857207970017406250e+14
4.425425425425425498e-07 2.827127885996398750e+14
4.454454454454454707e-07 2.797205425742693438e+14
4.483483483483483917e-07 2.767449364118388750e+14
4.512512512512512597e-07 2.737867894180223750e+14
4.541541541541541806e-07 2.708468652746768125e+14
4.570570570570571016e-07 2.679258745080550000e+14
4.599599599599599696e-07 2.650244768701607500e+14
4.628628628628628905e-07 2.621432836350100000e+14
4.657657657657658115e-07 2.592828598116407188e+14
4.686686686686686795e-07 2.564437262757907812e+14
4.715715715715716004e-07 2.536263618222153750e+14
4.744744744744745214e-07 2.508312051396659062e+14
4.773773773773773894e-07 2.480586567105775938e+14
4.802802802802803633e-07 2.453090806375319375e+14
4.831831831831832313e-07 2.425828063985830000e+14
4.860860860860860993e-07 2.398801305335218750e+14
4.889889889889890732e-07 2.372013182631643125e+14
4.918918918918919412e-07 2.345466050437285000e+14
4.947947947947948092e-07 2.319161980583489375e+14
4.976976976976977831e-07 2.293102776477601250e+14
5.006006006006006511e-07 2.267289986821467500e+14
5.035035035035035191e-07 2.241724918761355938e+14
5.064064064064064930e-07 2.216408650488621250e+14
5.093093093093093610e-07 2.191342043310179688e+14
5.122122122122122290e-07 2.166525753207367500e+14
5.151151151151152029e-07 2.141960241901446562e+14
5.180180180180180709e-07 2.117645787443508438e+14
5.209209209209209389e-07 2.093582494346200312e+14
5.238238238238239128e-07 2.069770303274136250e+14
5.267267267267267808e-07 2.046209000309519062e+14
5.296296296296296488e-07 2.022898225808954375e+14
5.325325325325326227e-07 1.999837482867054375e+14
5.354354354354354907e-07 1.977026145401940938e+14
5.383383383383383587e-07 1.954463465877277500e+14
5.412412412412413326e-07 1.932148582675078125e+14
5.441441441441442006e-07 1.910080527133026875e+14
5.470470470470470686e-07 1.888258230259631250e+14
5.499499499499500425e-07 1.866680529140095938e+14
5.528528528528529105e-07 1.845346173045378438e+14
5.557557557557557785e-07 1.824253829256416562e+14
5.586586586586587524e-07 1.803402088615212812e+14
5.615615615615616204e-07 1.782789470813926250e+14
5.644644644644644884e-07 1.762414429432808750e+14
5.673673673673674623e-07 1.742275356737423750e+14
5.702702702702703303e-07 1.722370588245193125e+14
5.731731731731731983e-07 1.702698407070936250e+14
5.760760760760761722e-07 1.683257048060750938e+14
5.789789789789790402e-07 1.664044701723208438e+14
5.818818818818819082e-07 1.645059517966478125e+14
5.847847847847847762e-07 1.626299609649717500e+14
5.876876876876877501e-07 1.607763055956715938e+14
5.905905905905906181e-07 1.589447905599451875e+14
5.934934934934934861e-07 1.571352179858980000e+14
5.963963963963964600e-07 1.553473875470711562e+14
5.992992992992993280e-07 1.535810967360933750e+14
6.022022022022021960e-07 1.518361411241081875e+14
6.051051051051051699e-07 1.501123146066067500e+14
6.080080080080080379e-07 1.484094096362694688e+14
6.109109109109109059e-07 1.467272174433932188e+14
6.138138138138138798e-07 1.450655282444611875e+14
6.167167167167167478e-07 1.434241314393877812e+14
6.196196196196196159e-07 1.418028157979485312e+14
6.225225225225225897e-07 1.402013696358849531e+14
6.254254254254254577e-07 1.386195809811544375e+14
6.283283283283283258e-07 1.370572377307744844e+14
6.312312312312312996e-07 1.355141277986926562e+14
6.341341341341341677e-07 1.339900392550952188e+14
6.370370370370370357e-07 1.324847604575511562e+14
6.399399399399400095e-07 1.309980801743683281e+14
6.428428428428428776e-07 1.295297877005278438e+14
6.457457457457457456e-07 1.280796729665414062e+14
6.486486486486487195e-07 1.266475266405663438e+14
6.515515515515515875e-07 1.252331402240953750e+14
6.544544544544544555e-07 1.238363061415264844e+14
6.573573573573574294e-07 1.224568178239052969e+14
6.602602602602602974e-07 1.210944697871175625e+14
6.631631631631631654e-07 1.197490577047993125e+14
6.660660660660661393e-07 1.184203784762211094e+14
6.689689689689690073e-07 1.171082302893884844e+14
6.718718718718718753e-07 1.158124126795934844e+14
6.747747747747748492e-07 1.145327265836406875e+14
6.776776776776777172e-07 1.132689743899604844e+14
6.805805805805805852e-07 1.120209599848137031e+14
6.834834834834835591e-07 1.107884887947828438e+14
6.863863863863864271e-07 1.095713678257363438e+14
6.892892892892892951e-07 1.083694056984435469e+14
6.921921921921922690e-07 1.071824126810104219e+14
6.950950950950951370e-07 1.060102007182991562e+14
6.979979979979980050e-07 1.048525834584861875e+14
7.009009009009009789e-07 1.037093762769066250e+14
7.038038038038038469e-07 1.025803962973278438e+14
7.067067067067067149e-07 1.014654624107857344e+14
7.096096096096096888e-07 1.003643952921137188e+14
7.125125125125125568e-07 9.927701741428714062e+13
7.154154154154154248e-07 9.820315306070071875e+13
7.183183183183183987e-07 9.714262833549081250e+13
7.212212212212212667e-07 9.609527117201007812e+13
7.241241241241241347e-07 9.506091133955592188e+13
7.270270270270271086e-07 9.403938044845012500e+13
7.299299299299299766e-07 9.303051195356314062e+13
7.328328328328328446e-07 9.203414115637026562e+13
7.357357357357358185e-07 9.105010520562560938e+13
7.386386386386386865e-07 9.007824309673264062e+13
7.415415415415415545e-07 8.911839566988945312e+13
7.444444444444445284e-07 8.817040560708056250e+13
7.473473473473473964e-07 8.723411742798564062e+13
7.502502502502502644e-07 8.630937748487075000e+13
7.531531531531532383e-07 8.539603395652606250e+13
7.560560560560561063e-07 8.449393684130926562e+13
7.589589589589589743e-07 8.360293794935235938e+13
7.618618618618619482e-07 8.272289089398632812e+13
7.647647647647648162e-07 8.185365108243525000e+13
7.676676676676676842e-07 8.099507570582920312e+13
7.705705705705706581e-07 8.014702372858321875e+13
7.734734734734735261e-07 7.930935587718646875e+13
7.763763763763763941e-07 7.848193462844407812e+13
7.792792792792793680e-07 7.766462419721201562e+13
7.821821821821822360e-07 7.685729052366407812e+13
7.850850850850851040e-07 7.605980126012539062e+13
7.879879879879880779e-07 7.527202575750928125e+13
7.908908908908909459e-07 7.449383505138895312e+13
7.937937937937938139e-07 7.372510184773559375e+13
7.966966966966967878e-07 7.296570050835184375e+13
7.995995995995996558e-07 7.221550703603004688e+13
8.025025025025025238e-07 7.147439905946018750e+13
8.054054054054054977e-07 7.074225581791398438e+13
8.083083083083083657e-07 7.001895814572854688e+13
8.112112112112112337e-07 6.930438845661206250e+13
8.141141141141142076e-07 6.859843072779323438e+13
8.170170170170170756e-07 6.790097048403482812e+13
8.199199199199199437e-07 6.721189478152996094e+13
8.228228228228229175e-07 6.653109219170005469e+13
8.257257257257257855e-07 6.585845278491068750e+13
8.286286286286286536e-07 6.519386811412260156e+13
8.315315315315316274e-07 6.453723119849210938e+13
8.344344344344344955e-07 6.388843650693624219e+13
8.373373373373373635e-07 6.324737994167525781e+13
8.402402402402403373e-07 6.261395882176641406e+13
8.431431431431432054e-07 6.198807186664041406e+13
8.460460460460460734e-07 6.136961917965164062e+13
8.489489489489490473e-07 6.075850223165389062e+13
8.518518518518519153e-07 6.015462384461048438e+13
8.547547547547547833e-07 5.955788817524889062e+13
8.576576576576577572e-07 5.896820069876854688e+13
8.605605605605606252e-07 5.838546819261004688e+13
8.634634634634634932e-07 5.780959872029356250e+13
8.663663663663664671e-07 5.724050161533357031e+13
8.692692692692693351e-07 5.667808746523702344e+13
8.721721721721722031e-07 5.612226809559085156e+13
8.750750750750751770e-07 5.557295655424468750e+13
8.779779779779780450e-07 5.503006709559496875e+13
8.808808808808809130e-07 5.449351516497428906e+13
8.837837837837838869e-07 5.396321738315177344e+13
8.866866866866867549e-07 5.343909153094832812e+13
8.895895895895896229e-07 5.292105653397063281e+13
8.924924924924925968e-07 5.240903244746802344e+13
8.953953953953954648e-07 5.190294044131521875e+13
8.982982982982983328e-07 5.140270278512403125e+13
9.012012012012013067e-07 5.090824283348729688e+13
9.041041041041041747e-07 5.041948501135696094e+13
9.070070070070070427e-07 4.993635479955900000e+13
9.099099099099100166e-07 4.945877872044732812e+13
9.128128128128128846e-07 4.898668432369821094e+13
9.157157157157157526e-07 4.852000017224721875e+13
9.186186186186187265e-07 4.805865582836960156e+13
9.215215215215215945e-07 4.760258183990640625e+13
9.244244244244244625e-07 4.715170972663585156e+13
9.273273273273274364e-07 4.670597196679239062e+13
9.302302302302303044e-07 4.626530198373342969e+13
9.331331331331331724e-07 4.582963413275429688e+13
9.360360360360361463e-07 4.539890368805209375e+13
9.389389389389390143e-07 4.497304682983911719e+13
9.418418418418418823e-07 4.455200063160514062e+13
9.447447447447448562e-07 4.413570304752958594e+13
9.476476476476477242e-07 4.372409290004299219e+13
9.505505505505505922e-07 4.331710986753790625e+13
9.534534534534535661e-07 4.291469447222880469e+13
9.563563563563564341e-07 4.251678806816091406e+13
9.592592592592594080e-07 4.212333282936724219e+13
9.621621621621623819e-07 4.173427173817367188e+13
9.650650650650651440e-07 4.134954857365133594e+13
9.679679679679679061e-07 4.096910790021553125e+13
9.708708708708708800e-07 4.059289505637072656e+13
9.737737737737738539e-07 4.022085614360098438e+13
9.766766766766768278e-07 3.985293801540434375e+13
9.795795795795798017e-07 3.948908826647097656e+13
9.824824824824825638e-07 3.912925522200392188e+13
9.853853853853853260e-07 3.877338792718126562e+13
9.882882882882882998e-07 3.842143613675898438e+13
9.911911911911912737e-07 3.807335030481352344e+13
9.940940940940942476e-07 3.772908157462223438e+13
9.969969969969972215e-07 3.738858176868168750e+13
9.998998998998999836e-07 3.705180337886178906e+13
1.002802802802802746e-06 3.671869955669477344e+13
1.005705705705705720e-06 3.638922410379814062e+13
1.008608608608608694e-06 3.606333146243001562e+13
1.011511511511511667e-06 3.574097670617548438e+13
1.014414414414414641e-06 3.542211553076315625e+13
1.017317317317317403e-06 3.510670424501024609e+13
1.020220220220220166e-06 3.479469976189479297e+13
1.023123123123123139e-06 3.448605958975417578e+13
1.026026026026026113e-06 3.418074182360822266e+13
1.028928928928929087e-06 3.387870513660538672e+13
1.031831831831832061e-06 3.357990877159113672e+13
1.034734734734734823e-06 3.328431253279685938e+13
1.037637637637637585e-06 3.299187677764785547e+13
1.040540540540540559e-06 3.270256240868939062e+13
1.043443443443443533e-06 3.241633086562913672e+13
1.046346346346346507e-06 3.213314411749465234e+13
1.049249249249249481e-06 3.185296465490464453e+13
1.052152152152152243e-06 3.157575548245257031e+13
1.055055055055055005e-06 3.130148011120112109e+13
1.057957957957957979e-06 3.103010255128648438e+13
1.060860860860860953e-06 3.076158730463064453e+13
1.063763763763763927e-06 3.049589935776065625e+13
1.066666666666666901e-06 3.023300417473333203e+13
1.069569569569569451e-06 2.997286769016413672e+13
1.072472472472472425e-06 2.971545630235875391e+13
1.075375375375375399e-06 2.946073686654636328e+13
1.078278278278278373e-06 2.920867668821269141e+13
1.081181181181181347e-06 2.895924351653203516e+13
1.084084084084084321e-06 2.871240553789677344e+13
1.086986986986986871e-06 2.846813136954295312e+13
1.089889889889889845e-06 2.822639005327056641e+13
1.092792792792792819e-06 2.798715104925783203e+13
1.095695695695695793e-06 2.775038422996727344e+13
1.098598598598598766e-06 2.751605987414308594e+13
1.101501501501501740e-06 2.728414866089807422e+13
1.104404404404404291e-06 2.705462166388920312e+13
1.107307307307307265e-06 2.682745034558028516e+13
1.110210210210210239e-06 2.660260655159089062e+13
1.113113113113113212e-06 2.638006250512970312e+13
1.116016016016016186e-06 2.615979080151192578e+13
1.118918918918919160e-06 2.594176440275862891e+13
1.121821821821821711e-06 2.572595663227774219e+13
1.124724724724724684e-06 2.551234116962471094e+13
1.127627627627627658e-06 2.530089204534244531e+13
1.130530530530530632e-06 2.509158363587872266e+13
1.133433433433433606e-06 2.488439065858036719e+13
1.136336336336336580e-06 2.467928816676283984e+13
1.139239239239239130e-06 2.447625154485439844e+13
1.142142142142142104e-06 2.427525650361327734e+13
1.145045045045045078e-06 2.407627907541746875e+13
1.147947947947948052e-06 2.387929560962535938e+13
1.150850850850851026e-06 2.368428276800665234e+13
1.153753753753754000e-06 2.349121752024219141e+13
1.156656656656656550e-06 2.330007713949207031e+13
1.159559559559559524e-06 2.311083919803046875e+13
1.162462462462462498e-06 2.292348156294677734e+13
1.165365365365365472e-06 2.273798239191159375e+13
1.168268268268268446e-06 2.255432012900680078e+13
1.171171171171171420e-06 2.237247350061875000e+13
1.174074074074073970e-06 2.219242151139360156e+13
1.176976976976976944e-06 2.201414344025372656e+13
1.179879879879879918e-06 2.183761883647462109e+13
1.182782782782782892e-06 2.166282751582099219e+13
1.185685685685685866e-06 2.148974955674129297e+13
1.188588588588588839e-06 2.131836529661989844e+13
1.191491491491491390e-06 2.114865532808596875e+13
1.194394394394394364e-06 2.098060049537798828e+13
1.197297297297297338e-06 2.081418189076349609e+13
1.200200200200200311e-06 2.064938085101280078e+13
1.203103103103103285e-06 2.048617895392594922e+13
1.206006006006006259e-06 2.032455801491225781e+13
1.208908908908908810e-06 2.016450008362155078e+13
1.211811811811811783e-06 2.000598744062602344e+13
1.214714714714714757e-06 1.984900259415264062e+13
1.217617617617617731e-06 1.969352827686436328e+13
1.220520520520520705e-06 1.953954744269029688e+13
1.223423423423423679e-06 1.938704326370344922e+13
1.226326326326326229e-06 1.923599912704563281e+13
1.229229229229229203e-06 1.908639863189863672e+13
1.232132132132132177e-06 1.893822558650119531e+13
1.235035035035035151e-06 1.879146400521064062e+13
1.237937937937938125e-06 1.864609810560891797e+13
1.240840840840841099e-06 1.850211230565213281e+13
1.243743743743743649e-06 1.835949122086288672e+13
1.246646646646646623e-06 1.821821966156476172e+13
1.249549549549549597e-06 1.807828263015860938e+13
1.252452452452452571e-06 1.793966531843937109e+13
1.255355355355355545e-06 1.780235310495338672e+13
1.258258258258258519e-06 1.766633155239523828e+13
1.261161161161161069e-06 1.753158640504368945e+13
1.264064064064064043e-06 1.739810358623581641e+13
1.266966966966967017e-06 1.726586919587931445e+13
1.269869869869869991e-06 1.713486950800161914e+13
1.272772772772772965e-06 1.700509096833592578e+13
1.275675675675675938e-06 1.687652019194319336e+13
1.278578578578578489e-06 1.674914396086963867e+13
1.281481481481481463e-06 1.662294922183915234e+13
1.284384384384384437e-06 1.649792308398025781e+13
1.287287287287287410e-06 1.637405281658675000e+13
1.290190190190190384e-06 1.625132584691183008e+13
1.293093093093093358e-06 1.612972975799493750e+13
1.295995995995995909e-06 1.600925228652100195e+13
1.298898898898898883e-06 1.588988132071137109e+13
1.301801801801801856e-06 1.577160489824621875e+13
1.304704704704704830e-06 1.565441120421759180e+13
1.307607607607607804e-06 1.553828856911293945e+13
1.310510510510510778e-06 1.542322546682839062e+13
1.313413413413413328e-06 1.530921051271155078e+13
1.316316316316316302e-06 1.519623246163312109e+13
1.319219219219219276e-06 1.508428020608711914e+13
1.322122122122122250e-06 1.497334277431908008e+13
1.325025025025025224e-06 1.486340932848188477e+13
1.327927927927928198e-06 1.475446916281877734e+13
1.330830830830830748e-06 1.464651170187312891e+13
1.333733733733733722e-06 1.453952649872453320e+13
1.336636636636636696e-06 1.443350323325086523e+13
1.339539539539539670e-06 1.432843171041587695e+13
1.342442442442442644e-06 1.422430185858183984e+13
1.345345345345345618e-06 1.412110372784703516e+13
1.348248248248248168e-06 1.401882748840754883e+13
1.351151151151151142e-06 1.391746342894296680e+13
1.354054054054054116e-06 1.381700195502588086e+13
1.356956956956957090e-06 1.371743358755442969e+13
1.359859859859860064e-06 1.361874896120781445e+13
1.362762762762763037e-06 1.352093882292432227e+13
1.365665665665665588e-06 1.342399403040153906e+13
1.368568568568568562e-06 1.332790555061829883e+13
1.371471471471471536e-06 1.323266445837833789e+13
1.374374374374374510e-06 1.313826193487487695e+13
1.377277277277277483e-06 1.304468926627614844e+13
1.380180180180180457e-06 1.295193784233146289e+13
1.383083083083083008e-06 1.285999915499740234e+13
1.385985985985985982e-06 1.276886479708387695e+13
1.388888888888888955e-06 1.267852646091989258e+13
1.391791791791791929e-06 1.258897593703844336e+13
1.394694694694694903e-06 1.250020511288044336e+13
1.397597597597597877e-06 1.241220597151734961e+13
1.400500500500500427e-06 1.232497059039217383e+13
1.403403403403403401e-06 1.223849114007852930e+13
1.406306306306306375e-06 1.215275988305770703e+13
1.409209209209209349e-06 1.206776917251309766e+13
1.412112112112112323e-06 1.198351145114201758e+13
1.415015015015015297e-06 1.189997924998455859e+13
1.417917917917917847e-06 1.181716518726915820e+13
1.420820820820820821e-06 1.173506196727466602e+13
1.423723723723723795e-06 1.165366237920878711e+13
1.426626626626626769e-06 1.157295929610236914e+13
1.429529529529529743e-06 1.149294567371952344e+13
1.432432432432432717e-06 1.141361454948330664e+13
1.435335335335335267e-06 1.133495904141659766e+13
1.438238238238238241e-06 1.125697234709807812e+13
1.441141141141141215e-06 1.117964774263304297e+13
1.444044044044044189e-06 1.110297858163875977e+13
1.446946946946947163e-06 1.102695829424423242e+13
1.449849849849850137e-06 1.095158038610411328e+13
1.452752752752752687e-06 1.087683843742654297e+13
1.455655655655655661e-06 1.080272610201468750e+13
1.458558558558558635e-06 1.072923710632190039e+13
1.461461461461461609e-06 1.065636524852004688e+13
1.464364364364364582e-06 1.058410439758107617e+13
1.467267267267267556e-06 1.051244849237139648e+13
1.470170170170170107e-06 1.044139154075903516e+13
1.473073073073073081e-06 1.037092761873328711e+13
1.475975975975976054e-06 1.030105086953674414e+13
1.478878878878879028e-06 1.023175550280941016e+13
1.481781781781782002e-06 1.016303579374482812e+13
1.484684684684684976e-06 1.009488608225797461e+13
1.487587587587587527e-06 1.002730077216477930e+13
1.490490490490490500e-06 9.960274330373009766e+12
1.493393393393393474e-06 9.893801286084550781e+12
1.496296296296296448e-06 9.827876230008628906e+12
1.499199199199199422e-06 9.762493813586087891e+12
1.502102102102102396e-06 9.697648748224314453e+12
1.505005005005004946e-06 9.633335804542851562e+12
1.507907907907907920e-06 9.569549811629386719e+12
1.510810810810810894e-06 9.506285656306123047e+12
1.513713713713713868e-06 9.443538282406154297e+12
1.516616616616616842e-06 9.381302690059921875e+12
1.519519519519519816e-06 9.319573934991466797e+12
1.522422422422422366e-06 9.258347127824357422e+12
1.525325325325325340e-06 9.197617433397156250e+12
1.528228228228228314e-06 9.137380070088351562e+12
1.531131131131131288e-06 9.077630309150455078e+12
1.534034034034034262e-06 9.018363474053269531e+12
1.536936936936937236e-06 8.959574939836156250e+12
1.539839839839839786e-06 8.901260132469138672e+12
1.542742742742742760e-06 8.843414528222701172e+12
1.545645645645645734e-06 8.786033653046254883e+12
1.548548548548548708e-06 8.729113081954998047e+12
1.551451451451451682e-06 8.672648438425165039e+12
1.554354354354354655e-06 8.616635393797463867e+12
1.557257257257257206e-06 8.561069666688633789e+12
1.560160160160160180e-06 8.505947022410963867e+12
1.563063063063063154e-06 8.451263272399696289e+12
1.565965965965966127e-06 8.397014273648166016e+12
1.568868868868869101e-06 8.343195928150558594e+12
1.571771771771772075e-06 8.289804182352199219e+12
1.574674674674674626e-06 8.236835026607271484e+12
1.577577577577577599e-06 8.184284494643785156e+12
1.580480480480480573e-06 8.132148663035817383e+12
1.583383383383383547e-06 8.080423650682779297e+12
1.586286286286286521e-06 8.029105618295685547e+12
1.589189189189189495e-06 7.978190767890335938e+12
1.592092092092092045e-06 7.927675342287257812e+12
1.594994994994995019e-06 7.877555624618301758e+12
1.597897897897897993e-06 7.827827937839923828e+12
1.600800800800800967e-06 7.778488644252870117e+12
1.603703703703703941e-06 7.729534145028281250e+12
1.606606606606606915e-06 7.680960879740143555e+12
1.609509509509509465e-06 7.632765325903906250e+12
1.612412412412412439e-06 7.584943998521233398e+12
1.615315315315315413e-06 7.537493449630848633e+12
1.618218218218218387e-06 7.490410267865244141e+12
1.621121121121121361e-06 7.443691078013320312e+12
1.624024024024024335e-06 7.397332540588774414e+12
1.626926926926926885e-06 7.351331351404189453e+12
1.629829829829829859e-06 7.305684241150733398e+12
1.632732732732732833e-06 7.260387974983441406e+12
1.635635635635635807e-06 7.215439352111866211e+12
1.638538538538538781e-06 7.170835205396186523e+12
1.641441441441441754e-06 7.126572400948568359e+12
1.644344344344344305e-06 7.082647837739777344e+12
1.647247247247247279e-06 7.039058447210889648e+12
1.650150150150150253e-06 6.995801192890189453e+12
1.653053053053053226e-06 6.952873070014930664e+12
1.655955955955956200e-06 6.910271105158147461e+12
1.658858858858859174e-06 6.867992355860254883e+12
1.661761761761761725e-06 6.826033910265493164e+12
1.664664664664664699e-06 6.784392886763037109e+12
1.667567567567567672e-06 6.743066433632850586e+12
1.670470470470470646e-06 6.702051728696050781e+12
1.673373373373373620e-06 6.661345978969853516e+12
1.676276276276276594e-06 6.620946420326944336e+12
1.679179179179179144e-06 6.580850317159307617e+12
1.682082082082082118e-06 6.541054962046303711e+12
1.684984984984985092e-06 6.501557675427132812e+12
1.687887887887888066e-06 6.462355805277434570e+12
1.690790790790791040e-06 6.423446726790079102e+12
1.693693693693694014e-06 6.384827842060059570e+12
1.696596596596596564e-06 6.346496579773408203e+12
1.699499499499499538e-06 6.308450394900124023e+12
1.702402402402402512e-06 6.270686768391016602e+12
1.705305305305305486e-06 6.233203206878432617e+12
1.708208208208208460e-06 6.195997242380786133e+12
1.711111111111111434e-06 6.159066432010883789e+12
1.714014014014013984e-06 6.122408357687952148e+12
1.716916916916916958e-06 6.086020625853303711e+12
1.719819819819819932e-06 6.049900867189679688e+12
1.722722722722722906e-06 6.014046736344093750e+12
1.725625625625625880e-06 5.978455911654221680e+12
1.728528528528528853e-06 5.943126094878240234e+12
1.731431431431431404e-06 5.908055010928100586e+12
1.734334334334334378e-06 5.873240407606148438e+12
1.737237237237237352e-06 5.838680055345085938e+12
1.740140140140140326e-06 5.804371746951213867e+12
1.743043043043043299e-06 5.770313297350890625e+12
1.745945945945946273e-06 5.736502543340171875e+12
1.748848848848848824e-06 5.702937343337639648e+12
1.751751751751751798e-06 5.669615577140261719e+12
1.754654654654654771e-06 5.636535145682375000e+12
1.757557557557557745e-06 5.603693970797666016e+12
1.760460460460460719e-06 5.571089994984086914e+12
1.763363363363363693e-06 5.538721181171763672e+12
1.766266266266266243e-06 5.506585512493771484e+12
1.769169169169169217e-06 5.474680992059741211e+12
1.772072072072072191e-06 5.443005642732344727e+12
1.774974974974975165e-06 5.411557506906493164e+12
1.777877877877878139e-06 5.380334646291314453e+12
1.780780780780781113e-06 5.349335141694813477e+12
1.783683683683683663e-06 5.318557092811220703e+12
1.786586586586586637e-06 5.287998618010926758e+12
1.789489489489489611e-06 5.257657854133076172e+12
1.792392392392392585e-06 5.227532956280665039e+12
1.795295295295295559e-06 5.197622097618179688e+12
1.798198198198198533e-06 5.167923469171746094e+12
1.801101101101101083e-06 5.138435279631709961e+12
1.804004004004004057e-06 5.109155755157631836e+12
1.806906906906907031e-06 5.080083139185734375e+12
1.809809809809810005e-06 5.051215692238633789e+12
1.812712712712712979e-06 5.022551691737441406e+12
1.815615615615615953e-06 4.994089431816152344e+12
1.818518518518518503e-06 4.965827223138303711e+12
1.821421421421421477e-06 4.937763392715855469e+12
1.824324324324324451e-06 4.909896283730290039e+12
1.827227227227227425e-06 4.882224255355888672e+12
1.830130130130130398e-06 4.854745682585143555e+12
1.833033033033033372e-06 4.827458956056291016e+12
1.835935935935935923e-06 4.800362481882958984e+12
1.838838838838838897e-06 4.773454681485818359e+12
1.841741741741741870e-06 4.746733991426349609e+12
1.844644644644644844e-06 4.720198863242551758e+12
1.847547547547547818e-06 4.693847763286666016e+12
1.850450450450450792e-06 4.667679172564837891e+12
1.853353353353353343e-06 4.641691586578731445e+12
1.856256256256256316e-06 4.615883515169014648e+12
1.859159159159159290e-06 4.590253482360757812e+12
1.862062062062062264e-06 4.564800026210666992e+12
1.864964964964965238e-06 4.539521698656145508e+12
1.867867867867868212e-06 4.514417065366181641e+12
1.870770770770770762e-06 4.489484705593990234e+12
1.873673673673673736e-06 4.464723212031420898e+12
1.876576576576576710e-06 4.440131190665132812e+12
1.879479479479479684e-06 4.415707260634439453e+12
1.882382382382382658e-06 4.391450054090864258e+12
1.885285285285285632e-06 4.367358216059373047e+12
1.888188188188188182e-06 4.343430404301231445e+12
1.891091091091091156e-06 4.319665289178500977e+12
1.893993993993994130e-06 4.296061553520153320e+12
1.896896896896897104e-06 4.272617892489731445e+12
1.899799799799800078e-06 4.249333013454615723e+12
1.902702702702703052e-06 4.226205635856797363e+12
1.905605605605605602e-06 4.203234491085205078e+12
1.908508508508508576e-06 4.180418322349489746e+12
1.911411411411411550e-06 4.157755884555359375e+12
1.914314314314314524e-06 4.135245944181314453e+12
1.917217217217217497e-06 4.112887279156872070e+12
1.920120120120120471e-06 4.090678678742186523e+12
1.923023023023023022e-06 4.068618943409108887e+12
1.925925925925925996e-06 4.046706884723597656e+12
1.928828828828828970e-06 4.024941325229548828e+12
1.931731731731731943e-06 4.003321098333941895e+12
1.934634634634634917e-06 3.981845048193351074e+12
1.937537537537537891e-06 3.960512029601750000e+12
1.940440440440440442e-06 3.939320907879651367e+12
1.943343343343343415e-06 3.918270558764496582e+12
1.946246246246246389e-06 3.897359868302361816e+12
1.949149149149149363e-06 3.876587732740876465e+12
1.952052052052052337e-06 3.855953058423399902e+12
1.954954954954955311e-06 3.835454761684427734e+12
1.957857857857857861e-06 3.815091768746179688e+12
1.960760760760760835e-06 3.794863015616402344e+12
1.963663663663663809e-06 3.774767447987354492e+12
1.966566566566566783e-06 3.754804021135923340e+12
1.969469469469469757e-06 3.734971699824917480e+12
1.972372372372372731e-06 3.715269458205477051e+12
1.975275275275275281e-06 3.695696279720614258e+12
1.978178178178178255e-06 3.676251157009833496e+12
1.981081081081081229e-06 3.656933091814879883e+12
1.983983983983984203e-06 3.637741094886542969e+12
1.986886886886887177e-06 3.618674185892502441e+12
1.989789789789790151e-06 3.599731393326273438e+12
1.992692692692692701e-06 3.580911754417150879e+12
1.995595595595595675e-06 3.562214315041179199e+12
1.998498498498498649e-06 3.543638129633157715e+12
2.001401401401401623e-06 3.525182261099621582e+12
2.004304304304304597e-06 3.506845780732817871e+12
2.007207207207207570e-06 3.488627768125650391e+12
2.010110110110110121e-06 3.470527311087593750e+12
2.013013013013013095e-06 3.452543505561543945e+12
2.015915915915916069e-06 3.434675455541627441e+12
2.018818818818819042e-06 3.416922272991918945e+12
2.021721721721721593e-06 3.399283077766078613e+12
2.024624624624624567e-06 3.381756997527886719e+12
2.027527527527527541e-06 3.364343167672688477e+12
2.030430430430430514e-06 3.347040731249705078e+12
2.033333333333333488e-06 3.329848838885214355e+12
2.036236236236236462e-06 3.312766648706600586e+12
2.039139139139139013e-06 3.295793326267246094e+12
2.042042042042041987e-06 3.278928044472252930e+12
2.044944944944944960e-06 3.262169983505027344e+12
2.047847847847847934e-06 3.245518330754634766e+12
2.050750750750750908e-06 3.228972280743996582e+12
2.053653653653653882e-06 3.212531035058879883e+12
2.056556556556556432e-06 3.196193802277657227e+12
2.059459459459459406e-06 3.179959797901865234e+12
2.062362362362362380e-06 3.163828244287530762e+12
2.065265265265265354e-06 3.147798370577245605e+12
2.068168168168168328e-06 3.131869412633001953e+12
2.071071071071071302e-06 3.116040612969760742e+12
2.073973973973973852e-06 3.100311220689767090e+12
2.076876876876876826e-06 3.084680491417562988e+12
2.079779779779779800e-06 3.069147687235751465e+12
2.082682682682682774e-06 3.053712076621430664e+12
2.085585585585585748e-06 3.038372934383358398e+12
2.088488488488488722e-06 3.023129541599770508e+12
2.091391391391391272e-06 3.007981185556917969e+12
2.094294294294294246e-06 2.992927159688236328e+12
2.097197197197197220e-06 2.977966763514225098e+12
2.100100100100100194e-06 2.963099302582944824e+12
2.103003003003003168e-06 2.948324088411181641e+12
2.105905905905906141e-06 2.933640438426250488e+12
2.108808808808808692e-06 2.919047675908427246e+12
2.111711711711711666e-06 2.904545129934010254e+12
2.114614614614614640e-06 2.890132135318999512e+12
2.117517517517517614e-06 2.875808032563393555e+12
2.120420420420420587e-06 2.861572167796065918e+12
2.123323323323323561e-06 2.847423892720272949e+12
2.126226226226226112e-06 2.833362564559718750e+12
2.129129129129129086e-06 2.819387546005217285e+12
2.132032032032032059e-06 2.805498205161937500e+12
2.134934934934935033e-06 2.791693915497203125e+12
2.137837837837838007e-06 2.777974055788850586e+12
2.140740740740740981e-06 2.764338010074162109e+12
2.143643643643643531e-06 2.750785167599330078e+12
2.146546546546546505e-06 2.737314922769459473e+12
2.149449449449449479e-06 2.723926675099132324e+12
2.152352352352352453e-06 2.710619829163471680e+12
2.155255255255255427e-06 2.697393794549742188e+12
2.158158158158158401e-06 2.684247985809467773e+12
2.161061061061060951e-06 2.671181822411062012e+12
2.163963963963963925e-06 2.658194728692945312e+12
2.166866866866866899e-06 2.645286133817194824e+12
2.169769769769769873e-06 2.632455471723651855e+12
2.172672672672672847e-06 2.619702181084542969e+12
2.175575575575575821e-06 2.607025705259561523e+12
2.178478478478478371e-06 2.594425492251444336e+12
2.181381381381381345e-06 2.581900994662001465e+12
2.184284284284284319e-06 2.569451669648628418e+12
2.187187187187187293e-06 2.557076978881262695e+12
2.190090090090090267e-06 2.544776388499796387e+12
2.192992992992993241e-06 2.532549369071950684e+12
2.195895895895895791e-06 2.520395395551578125e+12
2.198798798798798765e-06 2.508313947237404297e+12
2.201701701701701739e-06 2.496304507732222656e+12
2.204604604604604713e-06 2.484366564902493164e+12
2.207507507507507686e-06 2.472499610838371582e+12
2.210410410410410660e-06 2.460703141814169434e+12
2.213313313313313211e-06 2.448976658249212891e+12
2.216216216216216185e-06 2.437319664669111328e+12
2.219119119119119158e-06 2.425731669667443848e+12
2.222022022022022132e-06 2.414212185867830078e+12
2.224924924924925106e-06 2.402760729886401855e+12
2.227827827827828080e-06 2.391376822294667480e+12
2.230730730730730631e-06 2.380059987582758789e+12
2.233633633633633604e-06 2.368809754123057617e+12
2.236536536536536578e-06 2.357625654134206055e+12
2.239439439439439552e-06 2.346507223645486328e+12
2.242342342342342526e-06 2.335454002461565918e+12
2.245245245245245500e-06 2.324465534127607422e+12
2.248148148148148050e-06 2.313541365894750977e+12
2.251051051051051024e-06 2.302681048685928711e+12
2.253953953953953998e-06 2.291884137062057129e+12
2.256856856856856972e-06 2.281150189188559082e+12
2.259759759759759946e-06 2.270478766802242188e+12
2.262662662662662920e-06 2.259869435178503906e+12
2.265565565565565470e-06 2.249321763098887207e+12
2.268468468468468444e-06 2.238835322818957520e+12
2.271371371371371418e-06 2.228409690036521973e+12
2.274274274274274392e-06 2.218044443860152344e+12
2.277177177177177366e-06 2.207739166778052246e+12
2.280080080080080340e-06 2.197493444627228027e+12
2.282982982982982890e-06 2.187306866562977295e+12
2.285885885885885864e-06 2.177179025028690674e+12
2.288788788788788838e-06 2.167109515725955566e+12
2.291691691691691812e-06 2.157097937584970459e+12
2.294594594594594786e-06 2.147143892735253906e+12
2.297497497497497759e-06 2.137246986476650879e+12
2.300400400400400310e-06 2.127406827250640381e+12
2.303303303303303284e-06 2.117623026611916748e+12
2.306206206206206258e-06 2.107895199200277832e+12
2.309109109109109231e-06 2.098222962712786865e+12
2.312012012012012205e-06 2.088605937876211670e+12
2.314914914914915179e-06 2.079043748419749268e+12
2.317817817817817730e-06 2.069536021048024170e+12
2.320720720720720703e-06 2.060082385414345459e+12
2.323623623623623677e-06 2.050682474094256836e+12
2.326526526526526651e-06 2.041335922559329346e+12
2.329429429429429625e-06 2.032042369151225342e+12
2.332332332332332599e-06 2.022801455056025146e+12
2.335235235235235149e-06 2.013612824278809326e+12
2.338138138138138123e-06 2.004476123618482422e+12
2.341041041041041097e-06 1.995391002642873535e+12
2.343943943943944071e-06 1.986357113664058838e+12
2.346846846846847045e-06 1.977374111713945068e+12
2.349749749749750019e-06 1.968441654520097168e+12
2.352652652652652569e-06 1.959559402481791504e+12
2.355555555555555543e-06 1.950727018646321045e+12
2.358458458458458517e-06 1.941944168685531982e+12
2.361361361361361491e-06 1.933210520872593018e+12
2.364264264264264465e-06 1.924525746058989746e+12
2.367167167167167439e-06 1.915889517651752930e+12
2.370070070070069989e-06 1.907301511590906982e+12
2.372972972972972963e-06 1.898761406327141846e+12
2.375875875875875937e-06 1.890268882799710449e+12
2.378778778778778911e-06 1.881823624414535889e+12
2.381681681681681885e-06 1.873425317022538818e+12
2.384584584584584858e-06 1.865073648898175049e+12
2.387487487487487409e-06 1.856768310718187744e+12
2.390390390390390383e-06 1.848508995540559570e+12
2.393293293293293357e-06 1.840295398783685303e+12
2.396196196196196330e-06 1.832127218205732910e+12
2.399099099099099304e-06 1.824004153884217285e+12
2.402002002002002278e-06 1.815925908195767822e+12
2.404904904904904829e-06 1.807892185796095703e+12
2.407807807807807803e-06 1.799902693600152344e+12
2.410710710710710776e-06 1.791957140762489990e+12
2.413613613613613750e-06 1.784055238657805176e+12
2.416516516516516724e-06 1.776196700861672363e+12
2.419419419419419698e-06 1.768381243131468506e+12
2.422322322322322248e-06 1.760608583387478271e+12
2.425225225225225222e-06 1.752878441694183594e+12
2.428128128128128196e-06 1.745190540241736816e+12
2.431031031031031170e-06 1.737544603327608887e+12
2.433933933933934144e-06 1.729940357338420410e+12
2.436836836836837118e-06 1.722377530731938721e+12
2.439739739739739668e-06 1.714855854019258057e+12
2.442642642642642642e-06 1.707375059747144043e+12
2.445545545545545616e-06 1.699934882480554199e+12
2.448448448448448590e-06 1.692535058785323730e+12
2.451351351351351564e-06 1.685175327211014648e+12
2.454254254254254538e-06 1.677855428273932129e+12
2.457157157157157088e-06 1.670575104440306396e+12
2.460060060060060062e-06 1.663334100109624756e+12
2.462962962962963036e-06 1.656132161598140625e+12
2.465865865865866010e-06 1.648969037122522949e+12
2.468768768768768984e-06 1.641844476783671387e+12
2.471671671671671957e-06 1.634758232550683350e+12
2.474574574574574508e-06 1.627710058244970703e+12
2.477477477477477482e-06 1.620699709524530762e+12
2.480380380380380456e-06 1.613726943868370117e+12
2.483283283283283430e-06 1.606791520561068604e+12
2.486186186186186403e-06 1.599893200677493896e+12
2.489089089089089377e-06 1.593031747067659424e+12
2.491991991991991928e-06 1.586206924341731934e+12
2.494894894894894902e-06 1.579418498855164551e+12
2.497797797797797875e-06 1.572666238693992432e+12
2.500700700700700849e-06 1.565949913660252197e+12
2.503603603603603823e-06 1.559269295257539062e+12
2.506506506506506797e-06 1.552624156676706055e+12
2.509409409409409347e-06 1.546014272781696289e+12
2.512312312312312321e-06 1.539439420095501221e+12
2.515215215215215295e-06 1.532899376786265625e+12
2.518118118118118269e-06 1.526393922653508789e+12
2.521021021021021243e-06 1.519922839114477539e+12
2.523923923923924217e-06 1.513485909190634277e+12
2.526826826826826767e-06 1.507082917494264893e+12
2.529729729729729741e-06 1.500713650215211182e+12
2.532632632632632715e-06 1.494377895107731689e+12
2.535535535535535689e-06 1.488075441477482422e+12
2.538438438438438663e-06 1.481806080168619385e+12
2.541341341341341637e-06 1.475569603551017822e+12
2.544244244244244187e-06 1.469365805507617676e+12
2.547147147147147161e-06 1.463194481421878174e+12
2.550050050050050135e-06 1.457055428165354736e+12
2.552952952952953109e-06 1.450948444085390137e+12
2.555855855855856083e-06 1.444873328992916504e+12
2.558758758758759057e-06 1.438829884150371094e+12
2.561661661661661607e-06 1.432817912259730713e+12
2.564564564564564581e-06 1.426837217450640381e+12
2.567467467467467555e-06 1.420887605268673828e+12
2.570370370370370529e-06 1.414968882663682373e+12
2.573273273273273502e-06 1.409080857978260498e+12
2.576176176176176476e-06 1.403223340936317139e+12
2.579079079079079027e-06 1.397396142631747803e+12
2.581981981981982001e-06 1.391599075517216797e+12
2.584884884884884974e-06 1.385831953393038574e+12
2.587787787787787948e-06 1.380094591396158936e+12
2.590690690690690922e-06 1.374386805989241699e+12
2.593593593593593896e-06 1.368708414949852295e+12
2.596496496496496447e-06 1.363059237359740723e+12
2.599399399399399420e-06 1.357439093594223633e+12
2.602302302302302394e-06 1.351847805311657715e+12
2.605205205205205368e-06 1.346285195443020508e+12
2.608108108108108342e-06 1.340751088181572021e+12
2.611011011011011316e-06 1.335245308972619873e+12
2.613913913913913866e-06 1.329767684503374512e+12
2.616816816816816840e-06 1.324318042692895264e+12
2.619719719719719814e-06 1.318896212682129883e+12
2.622622622622622788e-06 1.313502024824043701e+12
2.625525525525525762e-06 1.308135310673835205e+12
2.628428428428428736e-06 1.302795902979242676e+12
2.631331331331331286e-06 1.297483635670941406e+12
2.634234234234234260e-06 1.292198343853019531e+12
2.637137137137137234e-06 1.286939863793545166e+12
2.640040040040040208e-06 1.281708032915220459e+12
2.642942942942943182e-06 1.276502689786114258e+12
2.645845845845846156e-06 1.271323674110480225e+12
2.648748748748748706e-06 1.266170826719659912e+12
2.651651651651651680e-06 1.261043989563060547e+12
2.654554554554554654e-06 1.255943005699225098e+12
2.657457457457457628e-06 1.250867719286969971e+12
2.660360360360360601e-06 1.245817975576608887e+12
2.663263263263263575e-06 1.240793620901255615e+12
2.666166166166166126e-06 1.235794502668200439e+12
2.669069069069069100e-06 1.230820469350363770e+12
2.671971971971972074e-06 1.225871370477832764e+12
2.674874874874875047e-06 1.220947056629463867e+12
2.677777777777778021e-06 1.216047379424564453e+12
2.680680680680680995e-06 1.211172191514652344e+12
2.683583583583583546e-06 1.206321346575278564e+12
2.686486486486486519e-06 1.201494699297930420e+12
2.689389389389389493e-06 1.196692105382007324e+12
2.692292292292292467e-06 1.191913421526860352e+12
2.695195195195195441e-06 1.187158505423908447e+12
2.698098098098098415e-06 1.182427215748820312e+12
2.701001001001000965e-06 1.177719412153770996e+12
2.703903903903903939e-06 1.173034955259756836e+12
2.706806806806806913e-06 1.168373706648989746e+12
2.709709709709709887e-06 1.163735528857350098e+12
2.712612612612612861e-06 1.159120285366908447e+12
2.715515515515515835e-06 1.154527840598515625e+12
2.718418418418418385e-06 1.149958059904451660e+12
2.721321321321321359e-06 1.145410809561144043e+12
2.724224224224224333e-06 1.140885956761951416e+12
2.727127127127127307e-06 1.136383369610003662e+12
2.730030030030030281e-06 1.131902917111110840e+12
2.732932932932933255e-06 1.127444469166731201e+12
2.735835835835835805e-06 1.123007896567000488e+12
2.738738738738738779e-06 1.118593070983822021e+12
2.741641641641641753e-06 1.114199864964019287e+12
2.744544544544544727e-06 1.109828151922546143e+12
2.747447447447447701e-06 1.105477806135752686e+12
2.750350350350350674e-06 1.101148702734719482e+12
2.753253253253253225e-06 1.096840717698636963e+12
2.756156156156156199e-06 1.092553727848251709e+12
2.759059059059059173e-06 1.088287610839366821e+12
2.761961961961962146e-06 1.084042245156396240e+12
2.764864864864865120e-06 1.079817510105977173e+12
2.767767767767768094e-06 1.075613285810639282e+12
2.770670670670670645e-06 1.071429453202522339e+12
2.773573573573573618e-06 1.067265894017152832e+12
2.776476476476476592e-06 1.063122490787277344e+12
2.779379379379379566e-06 1.058999126836740723e+12
2.782282282282282540e-06 1.054895686274422729e+12
2.785185185185185514e-06 1.050812053988225098e+12
2.788088088088088064e-06 1.046748115639110718e+12
2.790990990990991038e-06 1.042703757655191162e+12
2.793893893893894012e-06 1.038678867225871094e+12
2.796796796796796986e-06 1.034673332296034790e+12
2.799699699699699960e-06 1.030687041560290894e+12
2.802602602602602934e-06 1.026719884457256348e+12
2.805505505505505484e-06 1.022771751163900879e+12
2.808408408408408458e-06 1.018842532589926636e+12
2.811311311311311432e-06 1.014932120372208496e+12
2.814214214214214406e-06 1.011040406869273071e+12
2.817117117117117380e-06 1.007167285155827271e+12
2.820020020020020354e-06 1.003312649017333130e+12
2.822922922922922904e-06 9.994763929446307373e+11
2.825825825825825878e-06 9.956584121286015625e+11
2.828728728728728852e-06 9.918586024548839111e+11
2.831631631631631826e-06 9.880768604986289062e+11
2.834534534534534800e-06 9.843130835192979736e+11
2.837437437437437773e-06 9.805671694555134277e+11
2.840340340340340324e-06 9.768390169199422607e+11
2.843243243243243298e-06 9.731285251942293701e+11
2.846146146146146272e-06 9.694355942239727783e+11
2.849049049049049245e-06 9.657601246137386475e+11
2.851951951951952219e-06 9.621020176221198730e+11
2.854854854854855193e-06 9.584611751568382568e+11
2.857757757757757744e-06 9.548374997698823242e+11
2.860660660660660718e-06 9.512308946526914062e+11
2.863563563563563691e-06 9.476412636313759766e+11
2.866466466466466665e-06 9.440685111619851074e+11
2.869369369369369639e-06 9.405125423258002930e+11
2.872272272272272613e-06 9.369732628246833496e+11
2.875175175175175163e-06 9.334505789764538574e+11
2.878078078078078137e-06 9.299443977103059082e+11
2.880980980980981111e-06 9.264546265622692871e+11
2.883883883883884085e-06 9.229811736707008057e+11
2.886786786786787059e-06 9.195239477718175049e+11
2.889689689689690033e-06 9.160828581952658691e+11
2.892592592592592583e-06 9.126578148597279053e+11
2.895495495495495557e-06 9.092487282685618896e+11
2.898398398398398531e-06 9.058555095054853516e+11
2.901301301301301505e-06 9.024780702302847900e+11
2.904204204204204479e-06 8.991163226745688477e+11
2.907107107107107453e-06 8.957701796375516357e+11
2.910010010010010003e-06 8.924395544818731689e+11
2.912912912912912977e-06 8.891243611294530029e+11
2.915815815815815951e-06 8.858245140573806152e+11
2.918718718718718925e-06 8.825399282938360596e+11
2.921621621621621899e-06 8.792705194140463867e+11
2.924524524524524873e-06 8.760162035362760010e+11
2.927427427427427423e-06 8.727768973178471680e+11
2.930330330330330397e-06 8.695525179511955566e+11
2.933233233233233371e-06 8.663429831599581299e+11
2.936136136136136345e-06 8.631482111950919189e+11
2.939039039039039318e-06 8.599681208310251465e+11
2.941941941941942292e-06 8.568026313618394775e+11
2.944844844844844843e-06 8.536516625974843750e+11
2.947747747747747817e-06 8.505151348600208740e+11
2.950650650650650790e-06 8.473929689798978271e+11
2.953553553553553764e-06 8.442850862922583008e+11
2.956456456456456738e-06 8.411914086332730713e+11
2.959359359359359712e-06 8.381118583365075684e+11
2.962262262262262262e-06 8.350463582293182373e+11
2.965165165165165236e-06 8.319948316292746582e+11
2.968068068068068210e-06 8.289572023406136475e+11
2.970970970970971184e-06 8.259333946507229004e+11
2.973873873873874158e-06 8.229233333266512451e+11
2.976776776776777132e-06 8.199269436116452637e+11
2.979679679679679682e-06 8.169441512217197266e+11
2.982582582582582656e-06 8.139748823422497559e+11
2.985485485485485630e-06 8.110190636245941162e+11
2.988388388388388604e-06 8.080766221827449951e+11
2.991291291291291578e-06 8.051474855900036621e+11
2.994194194194194552e-06 8.022315818756840820e+11
2.997097097097097102e-06 7.993288395218422852e+11
3.000000000000000076e-06 7.964391874600332031e+11
